The missing message numbers are: 
304 305 306 307 308 309 310 311 312 313 314 315 316 317 318 319 320 321 322 323 324 325 326 327 328 329 330 331 332 333 334 335 336 337 338 339 340 341 342 343 344 345 346 347 348 349 350 351 352 353 354 355 356 357 358 359 360 361 362 363 364 365 366 367 368 369 370 371 372 373 374 375 376 377 378 379 380 381 382 383 384 385 386 387 388 389 390 391 392 393 394 395 396 397 398 399 400 401 402 403 404 405 406 407 408 409 410 411 412 413 414 415 416 417 418 419 420 421 422 423 424 425 426 427 428 429 430 431 432 433 434 435 436 437 438 439 440 441 442 443 444 445 446 447 448 449 450 451 452 453 454 455 456 457 458 459 460 461 462 463 466 467 468 469 470 471 472 473 474 475 476 477 480 481 482 483 484 485 486 487 490 491 492 493 494 495 498 499 
188/500 messages have been lost!

The missing message numbers are: 
304 305 306 307 308 309 310 311 312 313 314 315 316 317 318 319 320 321 322 323 324 325 326 327 328 329 330 331 332 333 334 335 336 337 338 339 340 341 342 343 344 345 346 347 348 349 350 351 352 353 354 355 356 357 358 359 360 361 362 363 364 365 366 367 370 371 372 373 374 375 376 377 378 379 380 383 384 385 386 390 391 392 393 396 398 399 400 401 402 403 406 407 408 409 410 411 412 413 416 417 418 419 420 421 422 423 424 425 428 429 430 431 432 433 434 435 438 439 442 443 444 445 446 448 449 450 451 452 453 454 456 458 459 460 461 464 465 466 467 468 469 470 471 472 473 474 475 476 479 480 481 482 483 484 488 489 490 491 492 493 494 495 496 497 498 499 
166/500 messages have been lost!

The missing message numbers are: 
304 305 306 307 308 309 310 311 312 313 314 315 316 317 318 319 320 321 322 323 324 325 326 327 328 329 330 331 332 333 334 335 336 337 338 339 340 341 342 343 344 345 346 347 348 349 350 351 352 353 354 355 356 357 358 359 360 361 362 363 364 365 366 367 368 369 370 371 372 373 374 375 376 377 378 379 380 381 382 383 384 385 386 387 388 389 390 392 393 394 395 396 397 398 399 401 402 404 405 406 407 408 411 412 413 414 415 416 417 418 419 420 423 424 425 426 427 430 431 432 433 434 435 436 437 438 439 441 443 444 445 446 449 450 451 452 453 454 455 456 457 458 459 462 463 464 465 466 469 470 471 473 474 477 478 479 480 481 482 483 484 485 488 489 490 491 492 493 494 495 498 499 500 501 502 503 504 505 506 507 510 514 515 516 517 518 519 522 523 524 525 528 529 530 531 532 533 534 535 536 539 540 541 542 543 544 545 546 547 548 551 552 553 554 555 556 557 560 561 562 563 565 566 567 571 572 575 576 577 578 579 580 581 582 583 584 585 588 589 592 593 594 595 596 597 598 599 600 601 602 603 606 607 608 609 610 611 612 613 614 615 616 617 620 621 622 623 624 625 626 627 630 631 632 633 634 635 636 637 640 643 644 645 646 647 648 649 650 651 654 655 656 657 658 659 661 662 663 664 665 666 668 669 670 671 672 673 674 675 676 679 680 681 682 683 684 686 687 688 689 691 692 694 695 696 697 698 699 702 703 704 705 706 707 708 709 710 711 712 713 716 717 718 719 720 721 722 723 726 727 728 729 730 731 732 733 735 737 738 739 740 741 743 744 745 746 748 749 750 751 752 753 754 755 756 757 760 761 762 763 764 765 766 769 770 771 772 773 774 775 776 777 778 779 782 783 784 785 786 787 788 789 792 793 794 795 796 797 798 799 
410/800 messages have been lost!


The missing message numbers are: 
304 305 306 307 308 309 310 311 312 313 314 315 316 317 318 319 320 321 322 323 324 325 326 327 328 329 330 331 332 333 334 335 336 337 338 339 340 341 342 343 344 345 346 347 348 349 350 351 352 353 354 355 356 357 358 359 360 361 362 363 364 365 366 367 368 369 370 371 372 373 374 375 376 377 378 379 380 381 382 383 384 385 386 387 388 389 390 391 392 393 394 395 396 397 398 399 400 401 402 403 404 405 406 407 408 409 410 411 412 413 414 415 416 417 418 419 420 421 422 423 424 425 426 427 428 429 430 431 432 433 434 435 436 437 438 439 440 441 442 443 444 445 446 447 448 449 450 451 452 453 454 455 456 457 458 459 460 461 462 463 464 465 466 467 468 469 470 471 472 473 474 475 476 477 478 479 480 481 482 483 484 485 486 487 488 489 490 491 492 493 494 495 496 497 498 499 500 501 502 503 504 505 506 507 508 510 513 514 515 516 517 518 522 523 524 525 527 528 529 532 533 534 535 536 537 538 539 542 543 544 545 546 547 551 552 553 555 556 557 558 559 560 564 565 566 567 568 571 572 574 575 576 577 578 579 580 584 585 586 587 588 589 590 594 595 596 597 598 599 600 601 602 603 607 608 610 611 615 616 617 618 619 620 621 622 623 624 628 629 630 631 632 634 635 636 637 640 641 642 643 646 647 648 649 650 652 653 654 655 656 657 658 659 660 661 662 665 666 667 668 669 672 673 674 675 676 677 678 679 681 683 684 685 686 687 688 689 690 691 692 694 695 696 697 698 699 701 702 706 707 708 709 710 711 712 713 714 715 716 717 718 719 720 721 723 724 725 726 728 729 730 731 734 735 736 737 738 740 741 742 743 744 745 746 749 750 751 752 753 754 755 756 757 758 759 761 763 764 765 766 770 771 772 773 774 775 778 779 780 781 782 783 784 785 786 787 788 789 790 791 792 793 796 797 798 799 
374/800 messages have been received!

